211.0000 198.0000
285.0000 201.0000
366.0000 204.0000
443.0000 208.0000
528.0000 209.0000
609.0000 212.0000
697.0000 214.0000
782.0000 215.0000
876.0000 217.0000
965.0000 218.0000
189.0000 257.0000
267.0000 264.0000
345.0000 268.0000
427.0000 272.0000
510.0000 274.0000
595.0000 278.0000
682.0000 281.0000
772.0000 283.0000
957.0000 285.0000
865.0000 286.0000
162.0000 325.0000
245.0000 331.0000
324.0000 336.0000
409.0000 339.0000
492.0000 344.0000
579.0000 348.0000
668.0000 351.0000
759.0000 356.0000
854.0000 359.0000
948.0000 361.0000
138.0000 392.0000
220.0000 402.0000
303.0000 406.0000
386.0000 412.0000
473.0000 417.0000
561.0000 421.0000
652.0000 427.0000
745.0000 431.0000
842.0000 437.0000
939.0000 438.0000
110.0000 466.0000
196.0000 474.0000
278.0000 481.0000
366.0000 485.0000
453.0000 491.0000
544.0000 497.0000
635.0000 502.0000
732.0000 511.0000
829.0000 517.0000
929.0000 523.0000
82.0000 540.0000
167.0000 553.0000
254.0000 558.0000
341.0000 564.0000
431.0000 569.0000
522.0000 577.0000
618.0000 587.0000
716.0000 594.0000
818.0000 604.0000
919.0000 607.0000
50.0000 624.0000
140.0000 632.0000
226.0000 640.0000
317.0000 645.0000
407.0000 654.0000
503.0000 662.0000
600.0000 672.0000
702.0000 685.0000
804.0000 692.0000
909.0000 704.0000
21.0000 706.0000
107.0000 715.0000
201.0000 725.0000
288.0000 732.0000
386.0000 741.0000
480.0000 751.0000
583.0000 763.0000
684.0000 776.0000
793.0000 788.0000
899.0000 798.0000
