906.0000 98.0000
259.0000 173.0000
752.0000 820.0000
376.0000 161.0000
215.0000 321.0000
313.0000 168.0000
818.0000 109.0000
238.0000 243.0000
171.0000 475.0000
652.0000 129.0000
196.0000 395.0000
506.0000 146.0000
885.0000 191.0000
125.0000 637.0000
862.0000 289.0000
775.0000 709.0000
158.0000 726.0000
575.0000 139.0000
729.0000 120.0000
819.0000 493.0000
437.0000 155.0000
277.0000 744.0000
414.0000 765.0000
149.0000 552.0000
104.0000 717.0000
278.0000 318.0000
796.0000 602.0000
221.0000 736.0000
297.0000 242.0000
358.0000 237.0000
255.0000 398.0000
841.0000 393.0000
233.0000 477.0000
209.0000 560.0000
290.0000 480.0000
400.0000 313.0000
335.0000 318.0000
315.0000 396.0000
487.0000 226.0000
420.0000 233.0000
242.0000 650.0000
186.0000 642.0000
574.0000 792.0000
269.0000 562.0000
493.0000 778.0000
355.0000 480.0000
375.0000 398.0000
346.0000 754.0000
328.0000 568.0000
664.0000 807.0000
631.0000 217.0000
442.0000 396.0000
796.0000 203.0000
754.0000 395.0000
464.0000 311.0000
684.0000 699.0000
305.0000 654.0000
535.0000 309.0000
368.0000 662.0000
556.0000 222.0000
395.0000 571.0000
516.0000 679.0000
709.0000 596.0000
588.0000 396.0000
600.0000 691.0000
689.0000 302.0000
418.0000 483.0000
440.0000 670.0000
490.0000 485.0000
712.0000 208.0000
732.0000 493.0000
540.0000 583.0000
645.0000 491.0000
776.0000 296.0000
464.0000 576.0000
610.0000 304.0000
622.0000 589.0000
511.0000 396.0000
668.0000 394.0000
564.0000 487.0000
