863.0000 243.0000
103.0000 219.0000
784.0000 241.0000
279.0000 227.0000
698.0000 239.0000
97.0000 280.0000
875.0000 301.0000
970.0000 756.0000
531.0000 236.0000
618.0000 238.0000
889.0000 368.0000
188.0000 224.0000
361.0000 231.0000
952.0000 672.0000
450.0000 233.0000
362.0000 753.0000
903.0000 435.0000
919.0000 511.0000
568.0000 752.0000
151.0000 755.0000
260.0000 755.0000
82.0000 420.0000
89.0000 350.0000
469.0000 751.0000
673.0000 753.0000
934.0000 585.0000
74.0000 498.0000
55.0000 666.0000
276.0000 290.0000
708.0000 301.0000
537.0000 298.0000
770.0000 756.0000
364.0000 294.0000
45.0000 755.0000
65.0000 576.0000
187.0000 288.0000
792.0000 303.0000
873.0000 757.0000
182.0000 355.0000
261.0000 666.0000
661.0000 667.0000
804.0000 368.0000
463.0000 664.0000
454.0000 363.0000
450.0000 295.0000
630.0000 366.0000
623.0000 300.0000
172.0000 502.0000
270.0000 428.0000
274.0000 359.0000
267.0000 504.0000
266.0000 582.0000
177.0000 427.0000
557.0000 582.0000
364.0000 431.0000
364.0000 360.0000
645.0000 506.0000
166.0000 582.0000
364.0000 504.0000
160.0000 666.0000
364.0000 582.0000
828.0000 510.0000
458.0000 505.0000
364.0000 664.0000
542.0000 364.0000
654.0000 584.0000
716.0000 366.0000
727.0000 436.0000
855.0000 670.0000
564.0000 665.0000
456.0000 432.0000
462.0000 582.0000
747.0000 587.0000
816.0000 439.0000
546.0000 433.0000
760.0000 671.0000
737.0000 509.0000
553.0000 506.0000
637.0000 435.0000
841.0000 588.0000
