960.0000 134.0000
819.0000 806.0000
271.0000 199.0000
869.0000 143.0000
400.0000 189.0000
221.0000 338.0000
696.0000 161.0000
942.0000 217.0000
248.0000 264.0000
169.0000 486.0000
330.0000 195.0000
777.0000 153.0000
922.0000 304.0000
114.0000 646.0000
842.0000 698.0000
883.0000 493.0000
151.0000 733.0000
540.0000 176.0000
198.0000 408.0000
613.0000 170.0000
289.0000 747.0000
466.0000 184.0000
903.0000 400.0000
143.0000 561.0000
444.0000 763.0000
87.0000 727.0000
379.0000 259.0000
861.0000 596.0000
623.0000 785.0000
290.0000 336.0000
809.0000 402.0000
311.0000 265.0000
223.0000 741.0000
722.0000 796.0000
263.0000 412.0000
533.0000 774.0000
850.0000 227.0000
239.0000 487.0000
695.0000 494.0000
766.0000 592.0000
209.0000 569.0000
649.0000 685.0000
518.0000 250.0000
672.0000 587.0000
303.0000 490.0000
331.0000 409.0000
742.0000 691.0000
425.0000 330.0000
675.0000 241.0000
788.0000 495.0000
830.0000 312.0000
184.0000 649.0000
354.0000 335.0000
279.0000 570.0000
248.0000 655.0000
738.0000 318.0000
760.0000 232.0000
447.0000 256.0000
631.0000 406.0000
583.0000 582.0000
375.0000 489.0000
718.0000 404.0000
557.0000 677.0000
367.0000 755.0000
320.0000 658.0000
399.0000 410.0000
347.0000 574.0000
607.0000 491.0000
393.0000 663.0000
573.0000 325.0000
473.0000 408.0000
595.0000 245.0000
473.0000 669.0000
421.0000 575.0000
654.0000 321.0000
496.0000 329.0000
447.0000 491.0000
526.0000 491.0000
498.0000 579.0000
549.0000 406.0000
