161.0000 197.0000
242.0000 204.0000
328.0000 211.0000
404.0000 218.0000
486.0000 224.0000
559.0000 229.0000
637.0000 235.0000
707.0000 239.0000
781.0000 245.0000
847.0000 249.0000
162.0000 272.0000
247.0000 280.0000
329.0000 287.0000
410.0000 291.0000
489.0000 297.0000
566.0000 301.0000
641.0000 307.0000
715.0000 310.0000
786.0000 315.0000
855.0000 316.0000
164.0000 355.0000
246.0000 360.0000
332.0000 365.0000
414.0000 369.0000
494.0000 372.0000
572.0000 377.0000
647.0000 380.0000
722.0000 385.0000
794.0000 387.0000
865.0000 391.0000
164.0000 435.0000
250.0000 441.0000
335.0000 446.0000
418.0000 448.0000
498.0000 452.0000
577.0000 453.0000
653.0000 458.0000
729.0000 459.0000
801.0000 463.0000
873.0000 463.0000
165.0000 523.0000
252.0000 526.0000
337.0000 527.0000
422.0000 529.0000
503.0000 530.0000
583.0000 532.0000
661.0000 534.0000
736.0000 537.0000
810.0000 538.0000
882.0000 541.0000
166.0000 607.0000
254.0000 611.0000
341.0000 611.0000
426.0000 612.0000
509.0000 612.0000
589.0000 613.0000
668.0000 615.0000
743.0000 616.0000
892.0000 617.0000
819.0000 618.0000
513.0000 696.0000
674.0000 697.0000
827.0000 697.0000
256.0000 698.0000
342.0000 698.0000
431.0000 698.0000
597.0000 698.0000
752.0000 699.0000
901.0000 700.0000
166.0000 701.0000
911.0000 779.0000
838.0000 780.0000
601.0000 781.0000
684.0000 781.0000
758.0000 781.0000
521.0000 783.0000
433.0000 784.0000
348.0000 786.0000
255.0000 788.0000
166.0000 790.0000
