798.0000 903.0000
875.0000 815.0000
716.0000 911.0000
891.0000 293.0000
873.0000 896.0000
640.0000 921.0000
92.0000 892.0000
720.0000 738.0000
720.0000 825.0000
798.0000 819.0000
639.0000 835.0000
812.0000 294.0000
470.0000 941.0000
887.0000 471.0000
879.0000 728.0000
554.0000 932.0000
883.0000 555.0000
91.0000 791.0000
881.0000 645.0000
889.0000 380.0000
734.0000 293.0000
559.0000 293.0000
801.0000 732.0000
646.0000 293.0000
188.0000 973.0000
641.0000 745.0000
81.0000 288.0000
89.0000 592.0000
282.0000 291.0000
287.0000 960.0000
557.0000 842.0000
91.0000 695.0000
92.0000 985.0000
85.0000 390.0000
473.0000 292.0000
377.0000 951.0000
802.0000 646.0000
724.0000 651.0000
87.0000 495.0000
468.0000 852.0000
556.0000 753.0000
806.0000 558.0000
377.0000 293.0000
183.0000 290.0000
641.0000 656.0000
725.0000 562.0000
379.0000 767.0000
470.0000 759.0000
380.0000 859.0000
807.0000 470.0000
643.0000 566.0000
727.0000 474.0000
190.0000 877.0000
557.0000 661.0000
189.0000 684.0000
286.0000 773.0000
187.0000 587.0000
286.0000 679.0000
378.0000 578.0000
810.0000 382.0000
284.0000 388.0000
188.0000 782.0000
468.0000 666.0000
285.0000 868.0000
644.0000 475.0000
379.0000 672.0000
379.0000 484.0000
187.0000 489.0000
557.0000 570.0000
645.0000 385.0000
471.0000 388.0000
285.0000 582.0000
729.0000 382.0000
560.0000 385.0000
559.0000 479.0000
284.0000 487.0000
470.0000 574.0000
379.0000 387.0000
186.0000 389.0000
470.0000 481.0000
