94.0000 243.0000
180.0000 245.0000
270.0000 247.0000
351.0000 250.0000
438.0000 250.0000
515.0000 251.0000
598.0000 252.0000
673.0000 252.0000
753.0000 252.0000
824.0000 252.0000
98.0000 308.0000
842.0000 310.0000
188.0000 313.0000
276.0000 314.0000
447.0000 314.0000
529.0000 314.0000
611.0000 314.0000
690.0000 314.0000
768.0000 314.0000
363.0000 315.0000
864.0000 377.0000
786.0000 379.0000
626.0000 381.0000
707.0000 381.0000
102.0000 382.0000
459.0000 382.0000
543.0000 382.0000
372.0000 383.0000
194.0000 384.0000
284.0000 384.0000
884.0000 443.0000
725.0000 449.0000
806.0000 449.0000
558.0000 452.0000
642.0000 452.0000
470.0000 454.0000
106.0000 456.0000
382.0000 457.0000
293.0000 458.0000
199.0000 459.0000
908.0000 517.0000
826.0000 519.0000
744.0000 522.0000
659.0000 523.0000
573.0000 527.0000
484.0000 529.0000
394.0000 532.0000
301.0000 534.0000
111.0000 537.0000
207.0000 537.0000
931.0000 589.0000
849.0000 597.0000
763.0000 598.0000
677.0000 600.0000
588.0000 603.0000
499.0000 607.0000
405.0000 611.0000
311.0000 615.0000
114.0000 619.0000
213.0000 620.0000
957.0000 673.0000
871.0000 675.0000
785.0000 679.0000
695.0000 682.0000
607.0000 685.0000
512.0000 689.0000
418.0000 694.0000
319.0000 701.0000
221.0000 706.0000
119.0000 712.0000
982.0000 753.0000
897.0000 759.0000
805.0000 764.0000
718.0000 766.0000
622.0000 771.0000
530.0000 776.0000
429.0000 783.0000
331.0000 791.0000
226.0000 797.0000
122.0000 804.0000
