906.0000 200.0000
808.0000 205.0000
714.0000 210.0000
614.0000 215.0000
518.0000 220.0000
425.0000 223.0000
328.0000 228.0000
234.0000 231.0000
139.0000 235.0000
48.0000 238.0000
908.0000 296.0000
812.0000 302.0000
714.0000 305.0000
619.0000 311.0000
522.0000 314.0000
429.0000 318.0000
335.0000 322.0000
241.0000 325.0000
148.0000 328.0000
53.0000 330.0000
910.0000 396.0000
813.0000 397.0000
717.0000 401.0000
622.0000 406.0000
527.0000 409.0000
432.0000 413.0000
339.0000 415.0000
246.0000 419.0000
152.0000 422.0000
58.0000 428.0000
912.0000 490.0000
817.0000 494.0000
720.0000 497.0000
625.0000 500.0000
530.0000 504.0000
437.0000 506.0000
342.0000 511.0000
250.0000 513.0000
158.0000 516.0000
64.0000 519.0000
820.0000 589.0000
915.0000 589.0000
724.0000 593.0000
628.0000 595.0000
534.0000 597.0000
439.0000 600.0000
347.0000 603.0000
254.0000 606.0000
163.0000 609.0000
69.0000 615.0000
917.0000 682.0000
822.0000 685.0000
725.0000 687.0000
632.0000 689.0000
536.0000 693.0000
444.0000 694.0000
351.0000 698.0000
259.0000 699.0000
167.0000 703.0000
73.0000 706.0000
824.0000 779.0000
920.0000 781.0000
730.0000 782.0000
633.0000 783.0000
541.0000 786.0000
446.0000 788.0000
355.0000 790.0000
262.0000 792.0000
171.0000 794.0000
78.0000 801.0000
829.0000 873.0000
922.0000 873.0000
731.0000 874.0000
639.0000 877.0000
542.0000 879.0000
452.0000 881.0000
356.0000 882.0000
268.0000 883.0000
172.0000 887.0000
83.0000 890.0000
