255.0000 220.0000
339.0000 232.0000
425.0000 244.0000
500.0000 256.0000
579.0000 266.0000
648.0000 276.0000
720.0000 285.0000
785.0000 294.0000
850.0000 302.0000
909.0000 310.0000
256.0000 311.0000
340.0000 323.0000
424.0000 334.0000
503.0000 342.0000
580.0000 351.0000
652.0000 358.0000
721.0000 366.0000
788.0000 372.0000
851.0000 380.0000
912.0000 384.0000
257.0000 410.0000
340.0000 416.0000
424.0000 423.0000
503.0000 430.0000
581.0000 436.0000
653.0000 442.0000
723.0000 448.0000
791.0000 455.0000
855.0000 459.0000
918.0000 465.0000
256.0000 504.0000
341.0000 510.0000
426.0000 516.0000
505.0000 520.0000
582.0000 524.0000
656.0000 528.0000
727.0000 533.0000
794.0000 536.0000
858.0000 540.0000
921.0000 542.0000
257.0000 606.0000
343.0000 606.0000
427.0000 608.0000
508.0000 611.0000
585.0000 613.0000
660.0000 615.0000
732.0000 617.0000
798.0000 620.0000
863.0000 621.0000
926.0000 625.0000
257.0000 703.0000
511.0000 703.0000
664.0000 703.0000
342.0000 704.0000
429.0000 704.0000
590.0000 704.0000
735.0000 704.0000
801.0000 704.0000
930.0000 704.0000
867.0000 705.0000
870.0000 789.0000
933.0000 790.0000
737.0000 792.0000
805.0000 792.0000
592.0000 795.0000
669.0000 795.0000
515.0000 798.0000
429.0000 800.0000
344.0000 803.0000
255.0000 809.0000
938.0000 871.0000
876.0000 874.0000
807.0000 877.0000
744.0000 880.0000
670.0000 885.0000
598.0000 888.0000
514.0000 893.0000
432.0000 898.0000
342.0000 904.0000
254.0000 909.0000
