898.0000 219.0000
813.0000 221.0000
724.0000 222.0000
643.0000 224.0000
557.0000 225.0000
172.0000 226.0000
480.0000 226.0000
244.0000 227.0000
323.0000 227.0000
398.0000 227.0000
159.0000 294.0000
893.0000 294.0000
311.0000 298.0000
470.0000 298.0000
551.0000 298.0000
719.0000 298.0000
806.0000 298.0000
235.0000 299.0000
634.0000 299.0000
389.0000 300.0000
144.0000 371.0000
223.0000 372.0000
299.0000 374.0000
378.0000 374.0000
459.0000 376.0000
542.0000 376.0000
626.0000 376.0000
712.0000 377.0000
800.0000 378.0000
888.0000 378.0000
131.0000 444.0000
209.0000 450.0000
288.0000 450.0000
367.0000 453.0000
449.0000 453.0000
531.0000 455.0000
618.0000 458.0000
705.0000 458.0000
883.0000 459.0000
794.0000 461.0000
114.0000 524.0000
195.0000 527.0000
273.0000 530.0000
355.0000 532.0000
436.0000 534.0000
522.0000 537.0000
608.0000 538.0000
698.0000 543.0000
788.0000 545.0000
878.0000 548.0000
99.0000 602.0000
180.0000 609.0000
261.0000 611.0000
342.0000 614.0000
426.0000 617.0000
510.0000 620.0000
599.0000 626.0000
688.0000 629.0000
782.0000 633.0000
874.0000 635.0000
82.0000 689.0000
165.0000 691.0000
244.0000 696.0000
329.0000 698.0000
413.0000 703.0000
500.0000 708.0000
588.0000 713.0000
682.0000 719.0000
774.0000 724.0000
870.0000 729.0000
67.0000 772.0000
146.0000 776.0000
233.0000 782.0000
313.0000 786.0000
402.0000 791.0000
487.0000 797.0000
581.0000 804.0000
672.0000 811.0000
770.0000 818.0000
864.0000 824.0000
