106.0000 214.0000
192.0000 220.0000
282.0000 224.0000
365.0000 230.0000
454.0000 233.0000
536.0000 237.0000
623.0000 240.0000
704.0000 243.0000
790.0000 247.0000
869.0000 250.0000
101.0000 291.0000
190.0000 298.0000
278.0000 303.0000
365.0000 306.0000
453.0000 309.0000
537.0000 314.0000
624.0000 316.0000
707.0000 319.0000
792.0000 323.0000
874.0000 323.0000
95.0000 375.0000
186.0000 379.0000
275.0000 384.0000
364.0000 386.0000
451.0000 389.0000
539.0000 392.0000
625.0000 396.0000
710.0000 399.0000
795.0000 401.0000
879.0000 405.0000
89.0000 457.0000
179.0000 464.0000
272.0000 466.0000
360.0000 469.0000
450.0000 472.0000
537.0000 474.0000
626.0000 478.0000
712.0000 480.0000
799.0000 484.0000
884.0000 484.0000
82.0000 547.0000
176.0000 549.0000
267.0000 553.0000
359.0000 554.0000
448.0000 556.0000
539.0000 559.0000
626.0000 561.0000
716.0000 565.0000
803.0000 567.0000
889.0000 571.0000
75.0000 634.0000
169.0000 639.0000
264.0000 640.0000
356.0000 643.0000
448.0000 644.0000
538.0000 647.0000
630.0000 648.0000
717.0000 651.0000
808.0000 654.0000
895.0000 655.0000
67.0000 730.0000
165.0000 730.0000
258.0000 732.0000
354.0000 732.0000
446.0000 734.0000
540.0000 736.0000
629.0000 738.0000
722.0000 741.0000
811.0000 743.0000
901.0000 748.0000
60.0000 823.0000
156.0000 824.0000
256.0000 825.0000
348.0000 826.0000
447.0000 827.0000
538.0000 828.0000
634.0000 831.0000
723.0000 833.0000
818.0000 836.0000
907.0000 837.0000
